16798457470
2.91816e-24 5.63754e-24 1.07842e-23 2.04204e-23 3.82614e-23 7.09133e-23 1.29958e-22 2.3541e-22 4.21335e-22 7.44791e-22 1.2998e-21 2.23857e-21 3.80311e-21 6.37083e-21 1.05185e-20 1.71089e-20 2.7404e-20 4.32053e-20 6.70187e-20 1.02235e-19 1.53305e-19 2.25879e-19 3.26866e-19 4.6436e-19 6.47358e-19 8.85253e-19 1.18699e-18 1.56e-18 2.00881e-18 2.53361e-18 3.12889e-18 3.78232e-18 4.47437e-18 5.17839e-18 5.8622e-18 6.48998e-18 7.02551e-18 7.43555e-18 7.69321e-18 7.78113e-18 7.69321e-18 7.43555e-18 7.02551e-18 6.48998e-18 5.8622e-18 5.17839e-18 4.47437e-18 3.78232e-18 4.09053e-18 5.29636e-18 6.71418e-18 8.3306e-18 1.01133e-17 1.20091e-17 1.39449e-17 1.58311e-17 1.75676e-17 1.90521e-17 2.01906e-17 2.09068e-17 2.11513e-17 2.09068e-17 2.01906e-17 1.90521e-17 1.75676e-17 1.58311e-17 1.39449e-17 1.20091e-17 1.01133e-17 8.3306e-18 6.71418e-18 5.29636e-18 4.09053e-18 3.09426e-18 2.29338e-18 1.66614e-18 1.18699e-18 8.296e-19 5.69073e-19 3.833e-19 2.53619e-19 1.64929e-19 1.05458e-19 6.63347e-20 4.10656e-20 2.50316e-20 1.50305e-20 8.89463e-21 5.18977e-21 2.98694e-21 1.69647e-21 9.51255e-22 5.26808e-22 2.88269e-22 1.55918e-22 8.33913e-23 4.412e-23 2.30991e-23 1.19717e-23 6.14422e-24 3.12373e-24 
6.14422e-24 1.19717e-23 2.30991e-23 4.412e-23 8.33913e-23 1.55918e-22 2.88269e-22 5.26808e-22 9.51255e-22 1.69647e-21 2.98694e-21 5.18977e-21 8.89463e-21 1.50305e-20 2.50316e-20 4.10656e-20 6.63347e-20 1.05458e-19 1.64929e-19 2.53619e-19 3.833e-19 5.69073e-19 8.296e-19 1.18699e-18 1.66614e-18 2.29338e-18 3.09426e-18 4.09053e-18 5.29636e-18 6.71418e-18 8.3306e-18 1.01133e-17 1.20091e-17 1.39449e-17 1.58311e-17 1.75676e-17 1.90521e-17 2.01906e-17 2.09068e-17 2.11513e-17 2.09068e-17 2.01906e-17 1.90521e-17 1.75676e-17 1.58311e-17 1.39449e-17 1.20091e-17 1.01133e-17 1.07085e-17 1.39449e-17 1.77722e-17 2.21589e-17 2.70202e-17 3.22128e-17 3.75358e-17 4.27399e-17 4.75441e-17 5.16606e-17 5.4823e-17 5.6815e-17 5.74952e-17 5.6815e-17 5.4823e-17 5.16606e-17 4.75441e-17 4.27399e-17 3.75358e-17 3.22128e-17 2.70202e-17 2.21589e-17 1.77722e-17 1.39449e-17 1.07085e-17 8.0511e-18 5.92875e-18 4.27803e-18 3.02616e-18 2.09941e-18 1.42912e-18 9.55024e-19 6.2681e-19 4.0425e-19 2.56308e-19 1.59841e-19 9.80925e-20 5.92675e-20 3.52725e-20 2.0687e-20 1.1962e-20 6.82271e-21 3.84012e-21 2.13385e-21 1.1711e-21 6.35067e-22 3.40422e-22 1.80452e-22 9.46275e-23 4.91073e-23 2.52293e-23 1.28365e-23 6.47023e-24 
1.28365e-23 2.52293e-23 4.91073e-23 9.46275e-23 1.80452e-22 3.40422e-22 6.35067e-22 1.1711e-21 2.13385e-21 3.84012e-21 6.82271e-21 1.1962e-20 2.0687e-20 3.52725e-20 5.92675e-20 9.80925e-20 1.59841e-19 2.56308e-19 4.0425e-19 6.2681e-19 9.55024e-19 1.42912e-18 2.09941e-18 3.02616e-18 4.27803e-18 5.92875e-18 8.0511e-18 1.07085e-17 1.39449e-17 1.77722e-17 2.21589e-17 2.70202e-17 3.22128e-17 3.75358e-17 4.27399e-17 4.75441e-17 5.16606e-17 5.4823e-17 5.6815e-17 5.74952e-17 5.6815e-17 5.4823e-17 5.16606e-17 4.75441e-17 4.27399e-17 3.75358e-17 3.22128e-17 2.70202e-17 2.79855e-17 3.66615e-17 4.69839e-17 5.88811e-17 7.21325e-17 8.6352e-17 1.00988e-16 1.15347e-16 1.28643e-16 1.40063e-16 1.48852e-16 1.54394e-16 1.56288e-16 1.54394e-16 1.48852e-16 1.40063e-16 1.28643e-16 1.15347e-16 1.00988e-16 8.6352e-17 7.21325e-17 5.88811e-17 4.69839e-17 3.66615e-17 2.79855e-17 2.09068e-17 1.52922e-17 1.09566e-17 7.69321e-18 5.29636e-18 3.57681e-18 2.37076e-18 1.54299e-18 9.86622e-19 6.2011e-19 3.833e-19 2.33123e-19 1.39579e-19 8.23115e-20 4.78325e-20 2.7404e-20 1.54861e-20 8.63578e-21 4.7544e-21 2.58531e-21 1.38912e-21 7.37832e-22 3.87566e-22 2.01406e-22 1.03586e-22 5.27473e-23 2.66023e-23 1.32925e-23 
2.66023e-23 5.27473e-23 1.03586e-22 2.01406e-22 3.87566e-22 7.37832e-22 1.38912e-21 2.58531e-21 4.7544e-21 8.63578e-21 1.54861e-20 2.7404e-20 4.78325e-20 8.23115e-20 1.39579e-19 2.33123e-19 3.833e-19 6.2011e-19 9.86622e-19 1.54299e-18 2.37076e-18 3.57681e-18 5.29636e-18 7.69321e-18 1.09566e-17 1.52922e-17 2.09068e-17 2.79855e-17 3.66615e-17 4.69839e-17 5.88811e-17 7.21325e-17 8.6352e-17 1.00988e-16 1.15347e-16 1.28643e-16 1.40063e-16 1.48852e-16 1.54394e-16 1.56288e-16 1.54394e-16 1.48852e-16 1.40063e-16 1.28643e-16 1.15347e-16 1.00988e-16 8.6352e-17 7.21325e-17 7.30012e-17 9.6232e-17 1.24045e-16 1.56288e-16 1.92394e-16 2.31325e-16 2.71566e-16 3.11194e-16 3.47999e-16 3.79691e-16 4.04129e-16 4.19559e-16 4.24835e-16 4.19559e-16 4.04129e-16 3.79691e-16 3.47999e-16 3.11194e-16 2.71566e-16 2.31325e-16 1.92394e-16 1.56288e-16 1.24045e-16 9.6232e-17 7.30012e-17 5.4175e-17 3.93487e-17 2.79855e-17 1.94994e-17 1.33174e-17 8.91985e-18 5.8622e-18 3.78232e-18 2.39714e-18 1.4931e-18 9.14494e-19 5.5106e-19 3.26866e-19 1.9095e-19 1.09919e-19 6.23792e-20 3.49173e-20 1.92875e-20 1.05185e-20 5.66588e-21 3.01587e-21 1.58699e-21 8.2591e-22 4.25267e-22 2.16736e-22 1.09372e-22 5.46693e-23 2.70765e-23 
5.46693e-23 1.09372e-22 2.16736e-22 4.25267e-22 8.2591e-22 1.58699e-21 3.01587e-21 5.66588e-21 1.05185e-20 1.92875e-20 3.49173e-20 6.23792e-20 1.09919e-19 1.9095e-19 3.26866e-19 5.5106e-19 9.14494e-19 1.4931e-18 2.39714e-18 3.78232e-18 5.8622e-18 8.91985e-18 1.33174e-17 1.94994e-17 2.79855e-17 3.93487e-17 5.4175e-17 7.30012e-17 9.6232e-17 1.24045e-16 1.56288e-16 1.92394e-16 2.31325e-16 2.71566e-16 3.11194e-16 3.47999e-16 3.79691e-16 4.04129e-16 4.19559e-16 4.24835e-16 4.19559e-16 4.04129e-16 3.79691e-16 3.47999e-16 3.11194e-16 2.71566e-16 2.31325e-16 1.92394e-16 1.9005e-16 2.5217e-16 3.27032e-16 4.14349e-16 5.12676e-16 6.19229e-16 7.29867e-16 8.39239e-16 9.41155e-16 1.02915e-15 1.09713e-15 1.14012e-15 1.15482e-15 1.14012e-15 1.09713e-15 1.02915e-15 9.41155e-16 8.39239e-16 7.29867e-16 6.19229e-16 5.12676e-16 4.14349e-16 3.27032e-16 2.5217e-16 1.9005e-16 1.40063e-16 1.00988e-16 7.12745e-17 4.92656e-17 3.33683e-17 2.21589e-17 1.44353e-17 9.23025e-18 5.79638e-18 3.57681e-18 2.1701e-18 1.29523e-18 7.60912e-19 4.40227e-19 2.50959e-19 1.4104e-19 7.81826e-20 4.27683e-20 2.30988e-20 1.23229e-20 6.49673e-21 3.38625e-21 1.74573e-21 8.90511e-22 4.4966e-22 2.24842e-22 1.11373e-22 5.46693e-23 
1.11373e-22 2.24842e-22 4.4966e-22 8.90511e-22 1.74573e-21 3.38625e-21 6.49673e-21 1.23229e-20 2.30988e-20 4.27683e-20 7.81826e-20 1.4104e-19 2.50959e-19 4.40227e-19 7.60912e-19 1.29523e-18 2.1701e-18 3.57681e-18 5.79638e-18 9.23025e-18 1.44353e-17 2.21589e-17 3.33683e-17 4.92656e-17 7.12745e-17 1.00988e-16 1.40063e-16 1.9005e-16 2.5217e-16 3.27032e-16 4.14349e-16 5.12676e-16 6.19229e-16 7.29867e-16 8.39239e-16 9.41155e-16 1.02915e-15 1.09713e-15 1.14012e-15 1.15482e-15 1.14012e-15 1.09713e-15 1.02915e-15 9.41155e-16 8.39239e-16 7.29867e-16 6.19229e-16 5.12676e-16 4.93728e-16 6.59591e-16 8.60863e-16 1.09713e-15 1.36475e-15 1.6563e-15 1.96046e-15 2.26236e-15 2.54467e-15 2.78907e-15 2.9783e-15 3.09811e-15 3.13913e-15 3.09811e-15 2.9783e-15 2.78907e-15 2.54467e-15 2.26236e-15 1.96046e-15 1.6563e-15 1.36475e-15 1.09713e-15 8.60863e-16 6.59591e-16 4.93728e-16 3.61236e-16 2.58472e-16 1.80965e-16 1.24045e-16 8.32949e-17 5.4823e-17 3.53894e-17 2.24183e-17 1.39449e-17 8.52246e-18 5.12042e-18 3.02616e-18 1.76023e-18 1.00828e-18 5.69073e-19 3.16639e-19 1.73779e-19 9.41214e-20 5.03329e-20 2.65887e-20 1.38812e-20 7.16538e-21 3.65864e-21 1.84863e-21 9.24722e-22 4.58106e-22 2.24842e-22 1.09372e-22 
2.24842e-22 4.58106e-22 9.24722e-22 1.84863e-21 3.65864e-21 7.16538e-21 1.38812e-20 2.65887e-20 5.03329e-20 9.41214e-20 1.73779e-19 3.16639e-19 5.69073e-19 1.00828e-18 1.76023e-18 3.02616e-18 5.12042e-18 8.52246e-18 1.39449e-17 2.24183e-17 3.53894e-17 5.4823e-17 8.32949e-17 1.24045e-16 1.80965e-16 2.58472e-16 3.61236e-16 4.93728e-16 6.59591e-16 8.60863e-16 1.09713e-15 1.36475e-15 1.6563e-15 1.96046e-15 2.26236e-15 2.54467e-15 2.78907e-15 2.9783e-15 3.09811e-15 3.13913e-15 3.09811e-15 2.9783e-15 2.78907e-15 2.54467e-15 2.26236e-15 1.96046e-15 1.6563e-15 1.36475e-15 1.27973e-15 1.7219e-15 2.26236e-15 2.90108e-15 3.629e-15 4.4265e-15 5.26256e-15 6.09601e-15 6.87821e-15 7.55738e-15 8.08435e-15 8.41853e-15 8.53305e-15 8.41853e-15 8.08435e-15 7.55738e-15 6.87821e-15 6.09601e-15 5.26256e-15 4.4265e-15 3.629e-15 2.90108e-15 2.26236e-15 1.7219e-15 1.27973e-15 9.29233e-16 6.59591e-16 4.57955e-16 3.11194e-16 2.07091e-16 1.35047e-16 8.6352e-17 5.4175e-17 3.33683e-17 2.01906e-17 1.20091e-17 7.02551e-18 4.04498e-18 2.29338e-18 1.28116e-18 7.05586e-19 3.833e-19 2.05498e-19 1.08786e-19 5.68923e-20 2.94071e-20 1.50305e-20 7.59986e-21 3.80311e-21 1.8843e-21 9.24722e-22 4.4966e-22 2.16736e-22 
4.4966e-22 9.24722e-22 1.8843e-21 3.80311e-21 7.59986e-21 1.50305e-20 2.94071e-20 5.68923e-20 1.08786e-19 2.05498e-19 3.833e-19 7.05586e-19 1.28116e-18 2.29338e-18 4.04498e-18 7.02551e-18 1.20091e-17 2.01906e-17 3.33683e-17 5.4175e-17 8.6352e-17 1.35047e-16 2.07091e-16 3.11194e-16 4.57955e-16 6.59591e-16 9.29233e-16 1.27973e-15 1.7219e-15 2.26236e-15 2.90108e-15 3.629e-15 4.4265e-15 5.26256e-15 6.09601e-15 6.87821e-15 7.55738e-15 8.08435e-15 8.41853e-15 8.53305e-15 8.41853e-15 8.08435e-15 7.55738e-15 6.87821e-15 6.09601e-15 5.26256e-15 4.4265e-15 3.629e-15 3.30889e-15 4.48567e-15 5.93498e-15 7.65987e-15 9.63853e-15 1.18189e-14 1.41169e-14 1.64181e-14 1.85859e-14 2.04741e-14 2.19427e-14 2.28754e-14 2.31952e-14 2.28754e-14 2.19427e-14 2.04741e-14 1.85859e-14 1.64181e-14 1.41169e-14 1.18189e-14 9.63853e-15 7.65987e-15 5.93498e-15 4.48567e-15 3.30889e-15 2.38364e-15 1.67788e-15 1.15482e-15 7.77645e-16 5.12676e-16 3.3112e-16 2.0965e-16 1.30214e-16 7.93897e-17 4.75441e-17 2.79855e-17 1.62013e-17 9.23025e-18 5.17839e-18 2.86252e-18 1.56e-18 8.38623e-19 4.4495e-19 2.33123e-19 1.20672e-19 6.1744e-20 3.12426e-20 1.5641e-20 7.75058e-21 3.80311e-21 1.84863e-21 8.90511e-22 4.25267e-22 
8.90511e-22 1.84863e-21 3.80311e-21 7.75058e-21 1.5641e-20 3.12426e-20 6.1744e-20 1.20672e-19 2.33123e-19 4.4495e-19 8.38623e-19 1.56e-18 2.86252e-18 5.17839e-18 9.23025e-18 1.62013e-17 2.79855e-17 4.75441e-17 7.93897e-17 1.30214e-16 2.0965e-16 3.3112e-16 5.12676e-16 7.77645e-16 1.15482e-15 1.67788e-15 2.38364e-15 3.30889e-15 4.48567e-15 5.93498e-15 7.65987e-15 9.63853e-15 1.18189e-14 1.41169e-14 1.64181e-14 1.85859e-14 2.04741e-14 2.19427e-14 2.28754e-14 2.31952e-14 2.28754e-14 2.19427e-14 2.04741e-14 1.85859e-14 1.64181e-14 1.41169e-14 1.18189e-14 9.63853e-15 8.53305e-15 1.16589e-14 1.55397e-14 2.01928e-14 2.5567e-14 3.15259e-14 3.78406e-14 4.41948e-14 5.02052e-14 5.5457e-14 5.95519e-14 6.21571e-14 6.30512e-14 6.21571e-14 5.95519e-14 5.5457e-14 5.02052e-14 4.41948e-14 3.78406e-14 3.15259e-14 2.5567e-14 2.01928e-14 1.55397e-14 1.16589e-14 8.53305e-15 6.09601e-15 4.25371e-15 2.90108e-15 1.93514e-15 1.26338e-15 8.0784e-16 5.06278e-16 3.11194e-16 1.87736e-16 1.11235e-16 6.47749e-17 3.70961e-17 2.09068e-17 1.16028e-17 6.34475e-18 3.42065e-18 1.81926e-18 9.55024e-19 4.95108e-19 2.53619e-19 1.28433e-19 6.43259e-20 3.18801e-20 1.5641e-20 7.59986e-21 3.65864e-21 1.74573e-21 8.2591e-22 
1.74573e-21 3.65864e-21 7.59986e-21 1.5641e-20 3.18801e-20 6.43259e-20 1.28433e-19 2.53619e-19 4.95108e-19 9.55024e-19 1.81926e-18 3.42065e-18 6.34475e-18 1.16028e-17 2.09068e-17 3.70961e-17 6.47749e-17 1.11235e-16 1.87736e-16 3.11194e-16 5.06278e-16 8.0784e-16 1.26338e-15 1.93514e-15 2.90108e-15 4.25371e-15 6.09601e-15 8.53305e-15 1.16589e-14 1.55397e-14 2.01928e-14 2.5567e-14 3.15259e-14 3.78406e-14 4.41948e-14 5.02052e-14 5.5457e-14 5.95519e-14 6.21571e-14 6.30512e-14 6.21571e-14 5.95519e-14 5.5457e-14 5.02052e-14 4.41948e-14 3.78406e-14 3.15259e-14 2.5567e-14 2.19427e-14 3.02292e-14 4.06036e-14 5.31402e-14 6.77246e-14 8.40018e-14 1.01351e-13 1.18898e-13 1.35566e-13 1.50182e-13 1.61608e-13 1.6889e-13 1.71391e-13 1.6889e-13 1.61608e-13 1.50182e-13 1.35566e-13 1.18898e-13 1.01351e-13 8.40018e-14 6.77246e-14 5.31402e-14 4.06036e-14 3.02292e-14 2.19427e-14 1.55397e-14 1.07445e-14 7.25825e-15 4.79397e-15 3.09811e-15 1.96046e-15 1.21563e-15 7.39175e-16 4.41077e-16 2.58472e-16 1.48852e-16 8.43012e-17 4.69839e-17 2.5786e-17 1.39449e-17 7.43555e-18 3.91141e-18 2.03108e-18 1.04168e-18 5.27942e-19 2.6455e-19 1.31131e-19 6.43259e-20 3.12426e-20 1.50305e-20 7.16538e-21 3.38625e-21 1.58699e-21 
3.38625e-21 7.16538e-21 1.50305e-20 3.12426e-20 6.43259e-20 1.31131e-19 2.6455e-19 5.27942e-19 1.04168e-18 2.03108e-18 3.91141e-18 7.43555e-18 1.39449e-17 2.5786e-17 4.69839e-17 8.43012e-17 1.48852e-16 2.58472e-16 4.41077e-16 7.39175e-16 1.21563e-15 1.96046e-15 3.09811e-15 4.79397e-15 7.25825e-15 1.07445e-14 1.55397e-14 2.19427e-14 3.02292e-14 4.06036e-14 5.31402e-14 6.77246e-14 8.40018e-14 1.01351e-13 1.18898e-13 1.35566e-13 1.50182e-13 1.61608e-13 1.6889e-13 1.71391e-13 1.6889e-13 1.61608e-13 1.50182e-13 1.35566e-13 1.18898e-13 1.01351e-13 8.40018e-14 6.77246e-14 5.62522e-14 7.81703e-14 1.05855e-13 1.39586e-13 1.79127e-13 2.23562e-13 2.71219e-13 3.19677e-13 3.65917e-13 4.06614e-13 4.38516e-13 4.58884e-13 4.65889e-13 4.58884e-13 4.38516e-13 4.06614e-13 3.65917e-13 3.19677e-13 2.71219e-13 2.23562e-13 1.79127e-13 1.39586e-13 1.05855e-13 7.81703e-14 5.62522e-14 3.94743e-14 2.70328e-14 1.808e-14 1.18189e-14 7.55738e-15 4.73061e-15 2.90108e-15 1.74435e-15 1.02915e-15 5.96237e-16 3.39452e-16 1.9005e-16 1.04713e-16 5.6815e-17 3.03771e-17 1.60151e-17 8.3306e-18 4.27803e-18 2.1701e-18 1.08798e-18 5.39374e-19 2.6455e-19 1.28433e-19 6.1744e-20 2.94071e-20 1.38812e-20 6.49673e-21 3.01587e-21 
6.49673e-21 1.38812e-20 2.94071e-20 6.1744e-20 1.28433e-19 2.6455e-19 5.39374e-19 1.08798e-18 2.1701e-18 4.27803e-18 8.3306e-18 1.60151e-17 3.03771e-17 5.6815e-17 1.04713e-16 1.9005e-16 3.39452e-16 5.96237e-16 1.02915e-15 1.74435e-15 2.90108e-15 4.73061e-15 7.55738e-15 1.18189e-14 1.808e-14 2.70328e-14 3.94743e-14 5.62522e-14 7.81703e-14 1.05855e-13 1.39586e-13 1.79127e-13 2.23562e-13 2.71219e-13 3.19677e-13 3.65917e-13 4.06614e-13 4.38516e-13 4.58884e-13 4.65889e-13 4.58884e-13 4.38516e-13 4.06614e-13 3.65917e-13 3.19677e-13 2.71219e-13 2.23562e-13 1.79127e-13 1.43729e-13 2.01562e-13 2.75293e-13 3.65917e-13 4.73003e-13 5.9423e-13 7.25098e-13 8.58923e-13 9.87242e-13 1.10062e-12 1.18976e-12 1.24679e-12 1.26642e-12 1.24679e-12 1.18976e-12 1.10062e-12 9.87242e-13 8.58923e-13 7.25098e-13 5.9423e-13 4.73003e-13 3.65917e-13 2.75293e-13 2.01562e-13 1.43729e-13 9.98944e-14 6.77246e-14 4.48244e-14 2.89873e-14 1.83312e-14 1.13456e-14 6.87821e-15 4.08786e-15 2.38364e-15 1.36475e-15 7.67841e-16 4.24835e-16 2.31325e-16 1.24045e-16 6.5553e-17 3.41621e-17 1.75676e-17 8.91985e-18 4.47437e-18 2.21858e-18 1.08798e-18 5.27942e-19 2.53619e-19 1.20672e-19 5.68923e-20 2.65887e-20 1.23229e-20 5.66588e-21 
1.23229e-20 2.65887e-20 5.68923e-20 1.20672e-19 2.53619e-19 5.27942e-19 1.08798e-18 2.21858e-18 4.47437e-18 8.91985e-18 1.75676e-17 3.41621e-17 6.5553e-17 1.24045e-16 2.31325e-16 4.24835e-16 7.67841e-16 1.36475e-15 2.38364e-15 4.08786e-15 6.87821e-15 1.13456e-14 1.83312e-14 2.89873e-14 4.48244e-14 6.77246e-14 9.98944e-14 1.43729e-13 2.01562e-13 2.75293e-13 3.65917e-13 4.73003e-13 5.9423e-13 7.25098e-13 8.58923e-13 9.87242e-13 1.10062e-12 1.18976e-12 1.24679e-12 1.26642e-12 1.24679e-12 1.18976e-12 1.10062e-12 9.87242e-13 8.58923e-13 7.25098e-13 5.9423e-13 4.73003e-13 3.65917e-13 5.18105e-13 7.1405e-13 9.57113e-13 1.24679e-12 1.57727e-12 1.93651e-12 2.3061e-12 2.66231e-12 2.97835e-12 3.22761e-12 3.38742e-12 3.44248e-12 3.38742e-12 3.22761e-12 2.97835e-12 2.66231e-12 2.3061e-12 1.93651e-12 1.57727e-12 1.24679e-12 9.57113e-13 7.1405e-13 5.18105e-13 3.65917e-13 2.5176e-13 1.6889e-13 1.10564e-13 7.06981e-14 4.41948e-14 2.70328e-14 1.61938e-14 9.50878e-15 5.47754e-15 3.09811e-15 1.7219e-15 9.41155e-16 5.06278e-16 2.68231e-16 1.40063e-16 7.21325e-17 3.66615e-17 1.84008e-17 9.12557e-18 4.47437e-18 2.1701e-18 1.04168e-18 4.95108e-19 2.33123e-19 1.08786e-19 5.03329e-20 2.30988e-20 1.05185e-20 
2.30988e-20 5.03329e-20 1.08786e-19 2.33123e-19 4.95108e-19 1.04168e-18 2.1701e-18 4.47437e-18 9.12557e-18 1.84008e-17 3.66615e-17 7.21325e-17 1.40063e-16 2.68231e-16 5.06278e-16 9.41155e-16 1.7219e-15 3.09811e-15 5.47754e-15 9.50878e-15 1.61938e-14 2.70328e-14 4.41948e-14 7.06981e-14 1.10564e-13 1.6889e-13 2.5176e-13 3.65917e-13 5.18105e-13 7.1405e-13 9.57113e-13 1.24679e-12 1.57727e-12 1.93651e-12 2.3061e-12 2.66231e-12 2.97835e-12 3.22761e-12 3.38742e-12 3.44248e-12 3.38742e-12 3.22761e-12 2.97835e-12 2.66231e-12 2.3061e-12 1.93651e-12 1.57727e-12 1.24679e-12 9.57113e-13 1.32724e-12 1.84673e-12 2.49745e-12 3.28e-12 4.18015e-12 5.16588e-12 6.18657e-12 7.1757e-12 8.0572e-12 8.75478e-12 9.20299e-12 9.3576e-12 9.20299e-12 8.75478e-12 8.0572e-12 7.1757e-12 6.18657e-12 5.16588e-12 4.18015e-12 3.28e-12 2.49745e-12 1.84673e-12 1.32724e-12 9.27931e-13 6.31677e-13 4.19077e-13 2.71219e-13 1.71391e-13 1.05855e-13 6.39584e-14 3.78406e-14 2.19427e-14 1.24819e-14 6.97125e-15 3.82604e-15 2.06514e-15 1.09713e-15 5.74118e-16 2.96139e-16 1.50676e-16 7.56721e-17 3.75358e-17 1.84008e-17 8.91985e-18 4.27803e-18 2.03108e-18 9.55024e-19 4.4495e-19 2.05498e-19 9.41214e-20 4.27683e-20 1.92875e-20 
4.27683e-20 9.41214e-20 2.05498e-19 4.4495e-19 9.55024e-19 2.03108e-18 4.27803e-18 8.91985e-18 1.84008e-17 3.75358e-17 7.56721e-17 1.50676e-16 2.96139e-16 5.74118e-16 1.09713e-15 2.06514e-15 3.82604e-15 6.97125e-15 1.24819e-14 2.19427e-14 3.78406e-14 6.39584e-14 1.05855e-13 1.71391e-13 2.71219e-13 4.19077e-13 6.31677e-13 9.27931e-13 1.32724e-12 1.84673e-12 2.49745e-12 3.28e-12 4.18015e-12 5.16588e-12 6.18657e-12 7.1757e-12 8.0572e-12 8.75478e-12 9.20299e-12 9.3576e-12 9.20299e-12 8.75478e-12 8.0572e-12 7.1757e-12 6.18657e-12 5.16588e-12 4.18015e-12 3.28e-12 2.49745e-12 3.38742e-12 4.76105e-12 6.49959e-12 8.61044e-12 1.10599e-11 1.37633e-11 1.65819e-11 1.93294e-11 2.17896e-11 2.37435e-11 2.5002e-11 2.54367e-11 2.5002e-11 2.37435e-11 2.17896e-11 1.93294e-11 1.65819e-11 1.37633e-11 1.10599e-11 8.61044e-12 6.49959e-12 4.76105e-12 3.38742e-12 2.34311e-12 1.57727e-12 1.03428e-12 6.61356e-13 4.12797e-13 2.5176e-13 1.50182e-13 8.77134e-14 5.02052e-14 2.81887e-14 1.55397e-14 8.41853e-15 4.48567e-15 2.35271e-15 1.21563e-15 6.19229e-16 3.11194e-16 1.54394e-16 7.56721e-17 3.66615e-17 1.75676e-17 8.3306e-18 3.91141e-18 1.81926e-18 8.38623e-19 3.833e-19 1.73779e-19 7.81826e-20 3.49173e-20 
7.81826e-20 1.73779e-19 3.833e-19 8.38623e-19 1.81926e-18 3.91141e-18 8.3306e-18 1.75676e-17 3.66615e-17 7.56721e-17 1.54394e-16 3.11194e-16 6.19229e-16 1.21563e-15 2.35271e-15 4.48567e-15 8.41853e-15 1.55397e-14 2.81887e-14 5.02052e-14 8.77134e-14 1.50182e-13 2.5176e-13 4.12797e-13 6.61356e-13 1.03428e-12 1.57727e-12 2.34311e-12 3.38742e-12 4.76105e-12 6.49959e-12 8.61044e-12 1.10599e-11 1.37633e-11 1.65819e-11 1.93294e-11 2.17896e-11 2.37435e-11 2.5002e-11 2.54367e-11 2.5002e-11 2.37435e-11 2.17896e-11 1.93294e-11 1.65819e-11 1.37633e-11 1.10599e-11 8.61044e-12 6.49959e-12 8.61044e-12 1.2232e-11 1.68662e-11 2.25504e-11 2.92083e-11 3.66183e-11 4.44012e-11 5.20351e-11 5.89055e-11 6.43833e-11 6.79207e-11 6.91439e-11 6.79207e-11 6.43833e-11 5.89055e-11 5.20351e-11 4.44012e-11 3.66183e-11 2.92083e-11 2.25504e-11 1.68662e-11 1.2232e-11 8.61044e-12 5.88906e-12 3.91766e-12 2.53766e-12 1.60229e-12 9.87242e-13 5.9423e-13 3.49783e-13 2.01562e-13 1.13823e-13 6.30512e-14 3.42937e-14 1.83312e-14 9.63853e-15 4.98932e-15 2.54467e-15 1.27973e-15 6.35061e-16 3.11194e-16 1.50676e-16 7.21325e-17 3.41621e-17 1.60151e-17 7.43555e-18 3.42065e-18 1.56e-18 7.05586e-19 3.16639e-19 1.4104e-19 6.23792e-20 
1.4104e-19 3.16639e-19 7.05586e-19 1.56e-18 3.42065e-18 7.43555e-18 1.60151e-17 3.41621e-17 7.21325e-17 1.50676e-16 3.11194e-16 6.35061e-16 1.27973e-15 2.54467e-15 4.98932e-15 9.63853e-15 1.83312e-14 3.42937e-14 6.30512e-14 1.13823e-13 2.01562e-13 3.49783e-13 5.9423e-13 9.87242e-13 1.60229e-12 2.53766e-12 3.91766e-12 5.88906e-12 8.61044e-12 1.2232e-11 1.68662e-11 2.25504e-11 2.92083e-11 3.66183e-11 4.44012e-11 5.20351e-11 5.89055e-11 6.43833e-11 6.79207e-11 6.91439e-11 6.79207e-11 6.43833e-11 5.89055e-11 5.20351e-11 4.44012e-11 3.66183e-11 2.92083e-11 2.25504e-11 1.68662e-11 2.17896e-11 3.13067e-11 4.36276e-11 5.89055e-11 7.69796e-11 9.72767e-11 1.18763e-10 1.39981e-10 1.5918e-10 1.74551e-10 1.84505e-10 1.87953e-10 1.84505e-10 1.74551e-10 1.5918e-10 1.39981e-10 1.18763e-10 9.72767e-11 7.69796e-11 5.89055e-11 4.36276e-11 3.13067e-11 2.17896e-11 1.4726e-11 9.67498e-12 6.18657e-12 3.85473e-12 2.34311e-12 1.39107e-12 8.07533e-13 4.58884e-13 2.55533e-13 1.39586e-13 7.48734e-14 3.94743e-14 2.04741e-14 1.04563e-14 5.26256e-15 2.61217e-15 1.27973e-15 6.19229e-16 2.96139e-16 1.40063e-16 6.5553e-17 3.03771e-17 1.39449e-17 6.34475e-18 2.86252e-18 1.28116e-18 5.69073e-19 2.50959e-19 1.09919e-19 
2.50959e-19 5.69073e-19 1.28116e-18 2.86252e-18 6.34475e-18 1.39449e-17 3.03771e-17 6.5553e-17 1.40063e-16 2.96139e-16 6.19229e-16 1.27973e-15 2.61217e-15 5.26256e-15 1.04563e-14 2.04741e-14 3.94743e-14 7.48734e-14 1.39586e-13 2.55533e-13 4.58884e-13 8.07533e-13 1.39107e-12 2.34311e-12 3.85473e-12 6.18657e-12 9.67498e-12 1.4726e-11 2.17896e-11 3.13067e-11 4.36276e-11 5.89055e-11 7.69796e-11 9.72767e-11 1.18763e-10 1.39981e-10 1.5918e-10 1.74551e-10 1.84505e-10 1.87953e-10 1.84505e-10 1.74551e-10 1.5918e-10 1.39981e-10 1.18763e-10 9.72767e-11 7.69796e-11 5.89055e-11 4.36276e-11 5.48719e-11 7.97914e-11 1.12455e-10 1.53431e-10 2.02424e-10 2.57975e-10 3.17281e-10 3.76267e-10 4.29957e-10 4.73135e-10 5.01181e-10 5.10908e-10 5.01181e-10 4.73135e-10 4.29957e-10 3.76267e-10 3.17281e-10 2.57975e-10 2.02424e-10 1.53431e-10 1.12455e-10 7.97914e-11 5.48719e-11 3.66183e-11 2.37435e-11 1.49774e-11 9.20299e-12 5.51525e-12 3.22761e-12 1.84673e-12 1.03428e-12 5.67651e-13 3.05636e-13 1.61608e-13 8.40018e-14 4.29627e-14 2.16405e-14 1.07445e-14 5.26256e-15 2.54467e-15 1.21563e-15 5.74118e-16 2.68231e-16 1.24045e-16 5.6815e-17 2.5786e-17 1.16028e-17 5.17839e-18 2.29338e-18 1.00828e-18 4.40227e-19 1.9095e-19 
4.40227e-19 1.00828e-18 2.29338e-18 5.17839e-18 1.16028e-17 2.5786e-17 5.6815e-17 1.24045e-16 2.68231e-16 5.74118e-16 1.21563e-15 2.54467e-15 5.26256e-15 1.07445e-14 2.16405e-14 4.29627e-14 8.40018e-14 1.61608e-13 3.05636e-13 5.67651e-13 1.03428e-12 1.84673e-12 3.22761e-12 5.51525e-12 9.20299e-12 1.49774e-11 2.37435e-11 3.66183e-11 5.48719e-11 7.97914e-11 1.12455e-10 1.53431e-10 2.02424e-10 2.57975e-10 3.17281e-10 3.76267e-10 4.29957e-10 4.73135e-10 5.01181e-10 5.10908e-10 5.01181e-10 4.73135e-10 4.29957e-10 3.76267e-10 3.17281e-10 2.57975e-10 2.02424e-10 1.53431e-10 1.12455e-10 1.37441e-10 2.02424e-10 2.88741e-10 3.98371e-10 5.30957e-10 6.82848e-10 8.46486e-10 1.01051e-09 1.16076e-09 1.28218e-09 1.3613e-09 1.38879e-09 1.3613e-09 1.28218e-09 1.16076e-09 1.01051e-09 8.46486e-10 6.82848e-10 5.30957e-10 3.98371e-10 2.88741e-10 2.02424e-10 1.37441e-10 9.04994e-11 5.78692e-11 3.59847e-11 2.17896e-11 1.28655e-11 7.41688e-12 4.18015e-12 2.3061e-12 1.24679e-12 6.61356e-13 3.44569e-13 1.76509e-13 8.89877e-14 4.41948e-14 2.16405e-14 1.04563e-14 4.98932e-15 2.35271e-15 1.09713e-15 5.06278e-16 2.31325e-16 1.04713e-16 4.69839e-17 2.09068e-17 9.23025e-18 4.04498e-18 1.76023e-18 7.60912e-19 3.26866e-19 
7.60912e-19 1.76023e-18 4.04498e-18 9.23025e-18 2.09068e-17 4.69839e-17 1.04713e-16 2.31325e-16 5.06278e-16 1.09713e-15 2.35271e-15 4.98932e-15 1.04563e-14 2.16405e-14 4.41948e-14 8.89877e-14 1.76509e-13 3.44569e-13 6.61356e-13 1.24679e-12 2.3061e-12 4.18015e-12 7.41688e-12 1.28655e-11 2.17896e-11 3.59847e-11 5.78692e-11 9.04994e-11 1.37441e-10 2.02424e-10 2.88741e-10 3.98371e-10 5.30957e-10 6.82848e-10 8.46486e-10 1.01051e-09 1.16076e-09 1.28218e-09 1.3613e-09 1.38879e-09 1.3613e-09 1.28218e-09 1.16076e-09 1.01051e-09 8.46486e-10 6.82848e-10 5.30957e-10 3.98371e-10 2.88741e-10 3.42213e-10 5.10908e-10 7.38174e-10 1.03068e-09 1.38879e-09 1.80363e-09 2.25496e-09 2.71119e-09 3.13197e-09 3.47379e-09 3.69733e-09 3.77513e-09 3.69733e-09 3.47379e-09 3.13197e-09 2.71119e-09 2.25496e-09 1.80363e-09 1.38879e-09 1.03068e-09 7.38174e-10 5.10908e-10 3.42213e-10 2.22155e-10 1.39981e-10 8.57387e-11 5.11237e-11 2.97188e-11 1.68662e-11 9.3576e-12 5.08216e-12 2.70524e-12 1.41305e-12 7.25098e-13 3.65917e-13 1.81785e-13 8.89877e-14 4.29627e-14 2.04741e-14 9.63853e-15 4.48567e-15 2.06514e-15 9.41155e-16 4.24835e-16 1.9005e-16 8.43012e-17 3.70961e-17 1.62013e-17 7.02551e-18 3.02616e-18 1.29523e-18 5.5106e-19 
1.29523e-18 3.02616e-18 7.02551e-18 1.62013e-17 3.70961e-17 8.43012e-17 1.9005e-16 4.24835e-16 9.41155e-16 2.06514e-15 4.48567e-15 9.63853e-15 2.04741e-14 4.29627e-14 8.89877e-14 1.81785e-13 3.65917e-13 7.25098e-13 1.41305e-12 2.70524e-12 5.08216e-12 9.3576e-12 1.68662e-11 2.97188e-11 5.11237e-11 8.57387e-11 1.39981e-10 2.22155e-10 3.42213e-10 5.10908e-10 7.38174e-10 1.03068e-09 1.38879e-09 1.80363e-09 2.25496e-09 2.71119e-09 3.13197e-09 3.47379e-09 3.69733e-09 3.77513e-09 3.69733e-09 3.47379e-09 3.13197e-09 2.71119e-09 2.25496e-09 1.80363e-09 1.38879e-09 1.03068e-09 7.38174e-10 8.46486e-10 1.28218e-09 1.8781e-09 2.65606e-09 3.6212e-09 4.75267e-09 5.99683e-09 7.26596e-09 8.4453e-09 9.40879e-09 1.00413e-08 1.02619e-08 1.00413e-08 9.40879e-09 8.4453e-09 7.26596e-09 5.99683e-09 4.75267e-09 3.6212e-09 2.65606e-09 1.8781e-09 1.28218e-09 8.46486e-10 5.41287e-10 3.35795e-10 2.02424e-10 1.18763e-10 6.79207e-11 3.79205e-11 2.06978e-11 1.10599e-11 5.79323e-12 2.97835e-12 1.50461e-12 7.47724e-13 3.65917e-13 1.76509e-13 8.40018e-14 3.94743e-14 1.83312e-14 8.41853e-15 3.82604e-15 1.7219e-15 7.67841e-16 3.39452e-16 1.48852e-16 6.47749e-17 2.79855e-17 1.20091e-17 5.12042e-18 2.1701e-18 9.14494e-19 
2.1701e-18 5.12042e-18 1.20091e-17 2.79855e-17 6.47749e-17 1.48852e-16 3.39452e-16 7.67841e-16 1.7219e-15 3.82604e-15 8.41853e-15 1.83312e-14 3.94743e-14 8.40018e-14 1.76509e-13 3.65917e-13 7.47724e-13 1.50461e-12 2.97835e-12 5.79323e-12 1.10599e-11 2.06978e-11 3.79205e-11 6.79207e-11 1.18763e-10 2.02424e-10 3.35795e-10 5.41287e-10 8.46486e-10 1.28218e-09 1.8781e-09 2.65606e-09 3.6212e-09 4.75267e-09 5.99683e-09 7.26596e-09 8.4453e-09 9.40879e-09 1.00413e-08 1.02619e-08 1.00413e-08 9.40879e-09 8.4453e-09 7.26596e-09 5.99683e-09 4.75267e-09 3.6212e-09 2.65606e-09 1.8781e-09 2.07859e-09 3.19742e-09 4.75267e-09 6.81439e-09 9.40879e-09 1.249e-08 1.59173e-08 1.94482e-08 2.27561e-08 2.54754e-08 2.72682e-08 2.78947e-08 2.72682e-08 2.54754e-08 2.27561e-08 1.94482e-08 1.59173e-08 1.249e-08 9.40879e-09 6.81439e-09 4.75267e-09 3.19742e-09 2.07859e-09 1.30801e-09 7.98175e-10 4.73135e-10 2.72909e-10 1.53431e-10 8.421e-11 4.51889e-11 2.37435e-11 1.2232e-11 6.18657e-12 3.07558e-12 1.50461e-12 7.25098e-13 3.44569e-13 1.61608e-13 7.48734e-14 3.42937e-14 1.55397e-14 6.97125e-15 3.09811e-15 1.36475e-15 5.96237e-16 2.58472e-16 1.11235e-16 4.75441e-17 2.01906e-17 8.52246e-18 3.57681e-18 1.4931e-18 
3.57681e-18 8.52246e-18 2.01906e-17 4.75441e-17 1.11235e-16 2.58472e-16 5.96237e-16 1.36475e-15 3.09811e-15 6.97125e-15 1.55397e-14 3.42937e-14 7.48734e-14 1.61608e-13 3.44569e-13 7.25098e-13 1.50461e-12 3.07558e-12 6.18657e-12 1.2232e-11 2.37435e-11 4.51889e-11 8.421e-11 1.53431e-10 2.72909e-10 4.73135e-10 7.98175e-10 1.30801e-09 2.07859e-09 3.19742e-09 4.75267e-09 6.81439e-09 9.40879e-09 1.249e-08 1.59173e-08 1.94482e-08 2.27561e-08 2.54754e-08 2.72682e-08 2.78947e-08 2.72682e-08 2.54754e-08 2.27561e-08 1.94482e-08 1.59173e-08 1.249e-08 9.40879e-09 6.81439e-09 4.75267e-09 5.06268e-09 7.91713e-09 1.19546e-08 1.73959e-08 2.4349e-08 3.27239e-08 4.21571e-08 5.1981e-08 6.12665e-08 6.89522e-08 7.40425e-08 7.58256e-08 7.40425e-08 6.89522e-08 6.12665e-08 5.1981e-08 4.21571e-08 3.27239e-08 2.4349e-08 1.73959e-08 1.19546e-08 7.91713e-09 5.06268e-09 3.13197e-09 1.8781e-09 1.09371e-09 6.19687e-10 3.42213e-10 1.84505e-10 9.72767e-11 5.02288e-11 2.54367e-11 1.26506e-11 6.18657e-12 2.97835e-12 1.41305e-12 6.61356e-13 3.05636e-13 1.39586e-13 6.30512e-14 2.81887e-14 1.24819e-14 5.47754e-15 2.38364e-15 1.02915e-15 4.41077e-16 1.87736e-16 7.93897e-17 3.33683e-17 1.39449e-17 5.79638e-18 2.39714e-18 
5.79638e-18 1.39449e-17 3.33683e-17 7.93897e-17 1.87736e-16 4.41077e-16 1.02915e-15 2.38364e-15 5.47754e-15 1.24819e-14 2.81887e-14 6.30512e-14 1.39586e-13 3.05636e-13 6.61356e-13 1.41305e-12 2.97835e-12 6.18657e-12 1.26506e-11 2.54367e-11 5.02288e-11 9.72767e-11 1.84505e-10 3.42213e-10 6.19687e-10 1.09371e-09 1.8781e-09 3.13197e-09 5.06268e-09 7.91713e-09 1.19546e-08 1.73959e-08 2.4349e-08 3.27239e-08 4.21571e-08 5.1981e-08 6.12665e-08 6.89522e-08 7.40425e-08 7.58256e-08 7.40425e-08 6.89522e-08 6.12665e-08 5.1981e-08 4.21571e-08 3.27239e-08 2.4349e-08 1.73959e-08 1.19546e-08 1.22192e-08 1.94482e-08 2.98661e-08 4.41581e-08 6.27286e-08 8.54407e-08 1.11376e-07 1.38706e-07 1.64792e-07 1.86547e-07 2.0103e-07 2.06115e-07 2.0103e-07 1.86547e-07 1.64792e-07 1.38706e-07 1.11376e-07 8.54407e-08 6.27286e-08 4.41581e-08 2.98661e-08 1.94482e-08 1.22192e-08 7.42334e-09 4.36979e-09 2.49758e-09 1.38879e-09 7.5272e-10 3.98371e-10 2.0622e-10 1.04581e-10 5.20351e-11 2.54367e-11 1.2232e-11 5.79323e-12 2.70524e-12 1.24679e-12 5.67651e-13 2.55533e-13 1.13823e-13 5.02052e-14 2.19427e-14 9.50878e-15 4.08786e-15 1.74435e-15 7.39175e-16 3.11194e-16 1.30214e-16 5.4175e-17 2.24183e-17 9.23025e-18 3.78232e-18 
9.23025e-18 2.24183e-17 5.4175e-17 1.30214e-16 3.11194e-16 7.39175e-16 1.74435e-15 4.08786e-15 9.50878e-15 2.19427e-14 5.02052e-14 1.13823e-13 2.55533e-13 5.67651e-13 1.24679e-12 2.70524e-12 5.79323e-12 1.2232e-11 2.54367e-11 5.20351e-11 1.04581e-10 2.0622e-10 3.98371e-10 7.5272e-10 1.38879e-09 2.49758e-09 4.36979e-09 7.42334e-09 1.22192e-08 1.94482e-08 2.98661e-08 4.41581e-08 6.27286e-08 8.54407e-08 1.11376e-07 1.38706e-07 1.64792e-07 1.86547e-07 2.0103e-07 2.06115e-07 2.0103e-07 1.86547e-07 1.64792e-07 1.38706e-07 1.11376e-07 8.54407e-08 6.27286e-08 4.41581e-08 2.98661e-08 2.91933e-08 4.7348e-08 7.40425e-08 1.11376e-07 1.60771e-07 2.222e-07 2.93405e-07 3.69426e-07 4.42771e-07 5.04447e-07 5.45738e-07 5.6028e-07 5.45738e-07 5.04447e-07 4.42771e-07 3.69426e-07 2.93405e-07 2.222e-07 1.60771e-07 1.11376e-07 7.40425e-08 4.7348e-08 2.91933e-08 1.73959e-08 1.00413e-08 5.62707e-09 3.06792e-09 1.6306e-09 8.46486e-10 4.29957e-10 2.14034e-10 1.04581e-10 5.02288e-11 2.37435e-11 1.10599e-11 5.08216e-12 2.3061e-12 1.03428e-12 4.58884e-13 2.01562e-13 8.77134e-14 3.78406e-14 1.61938e-14 6.87821e-15 2.90108e-15 1.21563e-15 5.06278e-16 2.0965e-16 8.6352e-17 3.53894e-17 1.44353e-17 5.8622e-18 
1.44353e-17 3.53894e-17 8.6352e-17 2.0965e-16 5.06278e-16 1.21563e-15 2.90108e-15 6.87821e-15 1.61938e-14 3.78406e-14 8.77134e-14 2.01562e-13 4.58884e-13 1.03428e-12 2.3061e-12 5.08216e-12 1.10599e-11 2.37435e-11 5.02288e-11 1.04581e-10 2.14034e-10 4.29957e-10 8.46486e-10 1.6306e-09 3.06792e-09 5.62707e-09 1.00413e-08 1.73959e-08 2.91933e-08 4.7348e-08 7.40425e-08 1.11376e-07 1.60771e-07 2.222e-07 2.93405e-07 3.69426e-07 4.42771e-07 5.04447e-07 5.45738e-07 5.6028e-07 5.45738e-07 5.04447e-07 4.42771e-07 3.69426e-07 2.93405e-07 2.222e-07 1.60771e-07 1.11376e-07 7.40425e-08 6.89522e-08 1.14111e-07 1.81967e-07 2.78863e-07 4.09619e-07 5.75229e-07 7.70388e-07 9.8176e-07 1.18815e-06 1.3633e-06 1.48131e-06 1.523e-06 1.48131e-06 1.3633e-06 1.18815e-06 9.8176e-07 7.70388e-07 5.75229e-07 4.09619e-07 2.78863e-07 1.81967e-07 1.14111e-07 6.89522e-08 4.02508e-08 2.27561e-08 1.249e-08 6.67045e-09 3.47379e-09 1.76756e-09 8.80374e-10 4.29957e-10 2.0622e-10 9.72767e-11 4.51889e-11 2.06978e-11 9.3576e-12 4.18015e-12 1.84673e-12 8.07533e-13 3.49783e-13 1.50182e-13 6.39584e-14 2.70328e-14 1.13456e-14 4.73061e-15 1.96046e-15 8.0784e-16 3.3112e-16 1.35047e-16 5.4823e-17 2.21589e-17 8.91985e-18 
2.21589e-17 5.4823e-17 1.35047e-16 3.3112e-16 8.0784e-16 1.96046e-15 4.73061e-15 1.13456e-14 2.70328e-14 6.39584e-14 1.50182e-13 3.49783e-13 8.07533e-13 1.84673e-12 4.18015e-12 9.3576e-12 2.06978e-11 4.51889e-11 9.72767e-11 2.0622e-10 4.29957e-10 8.80374e-10 1.76756e-09 3.47379e-09 6.67045e-09 1.249e-08 2.27561e-08 4.02508e-08 6.89522e-08 1.14111e-07 1.81967e-07 2.78863e-07 4.09619e-07 5.75229e-07 7.70388e-07 9.8176e-07 1.18815e-06 1.3633e-06 1.48131e-06 1.523e-06 1.48131e-06 1.3633e-06 1.18815e-06 9.8176e-07 7.70388e-07 5.75229e-07 4.09619e-07 2.78863e-07 1.81967e-07 1.60771e-07 2.71878e-07 4.42771e-07 6.92385e-07 1.03656e-06 1.48131e-06 2.01503e-06 2.60239e-06 3.18357e-06 3.68193e-06 4.02005e-06 4.13994e-06 4.02005e-06 3.68193e-06 3.18357e-06 2.60239e-06 2.01503e-06 1.48131e-06 1.03656e-06 6.92385e-07 4.42771e-07 2.71878e-07 1.60771e-07 9.18157e-08 5.078e-08 2.72682e-08 1.42516e-08 7.26596e-09 3.6212e-09 1.76756e-09 8.46486e-10 3.98371e-10 1.84505e-10 8.421e-11 3.79205e-11 1.68662e-11 7.41688e-12 3.22761e-12 1.39107e-12 5.9423e-13 2.5176e-13 1.05855e-13 4.41948e-14 1.83312e-14 7.55738e-15 3.09811e-15 1.26338e-15 5.12676e-16 2.07091e-16 8.32949e-17 3.33683e-17 1.33174e-17 
3.33683e-17 8.32949e-17 2.07091e-16 5.12676e-16 1.26338e-15 3.09811e-15 7.55738e-15 1.83312e-14 4.41948e-14 1.05855e-13 2.5176e-13 5.9423e-13 1.39107e-12 3.22761e-12 7.41688e-12 1.68662e-11 3.79205e-11 8.421e-11 1.84505e-10 3.98371e-10 8.46486e-10 1.76756e-09 3.6212e-09 7.26596e-09 1.42516e-08 2.72682e-08 5.078e-08 9.18157e-08 1.60771e-07 2.71878e-07 4.42771e-07 6.92385e-07 1.03656e-06 1.48131e-06 2.01503e-06 2.60239e-06 3.18357e-06 3.68193e-06 4.02005e-06 4.13994e-06 4.02005e-06 3.68193e-06 3.18357e-06 2.60239e-06 2.01503e-06 1.48131e-06 1.03656e-06 6.92385e-07 4.42771e-07 3.69426e-07 6.39364e-07 1.06516e-06 1.70257e-06 2.60239e-06 3.79117e-06 5.24683e-06 6.87752e-06 8.51527e-06 9.93601e-06 1.09076e-05 1.12535e-05 1.09076e-05 9.93601e-06 8.51527e-06 6.87752e-06 5.24683e-06 3.79117e-06 2.60239e-06 1.70257e-06 1.06516e-06 6.39364e-07 3.69426e-07 2.06115e-07 1.11376e-07 5.84484e-08 2.98661e-08 1.48949e-08 7.26596e-09 3.47379e-09 1.6306e-09 7.5272e-10 3.42213e-10 1.53431e-10 6.79207e-11 2.97188e-11 1.28655e-11 5.51525e-12 2.34311e-12 9.87242e-13 4.12797e-13 1.71391e-13 7.06981e-14 2.89873e-14 1.18189e-14 4.79397e-15 1.93514e-15 7.77645e-16 3.11194e-16 1.24045e-16 4.92656e-17 1.94994e-17 
4.92656e-17 1.24045e-16 3.11194e-16 7.77645e-16 1.93514e-15 4.79397e-15 1.18189e-14 2.89873e-14 7.06981e-14 1.71391e-13 4.12797e-13 9.87242e-13 2.34311e-12 5.51525e-12 1.28655e-11 2.97188e-11 6.79207e-11 1.53431e-10 3.42213e-10 7.5272e-10 1.6306e-09 3.47379e-09 7.26596e-09 1.48949e-08 2.98661e-08 5.84484e-08 1.11376e-07 2.06115e-07 3.69426e-07 6.39364e-07 1.06516e-06 1.70257e-06 2.60239e-06 3.79117e-06 5.24683e-06 6.87752e-06 8.51527e-06 9.93601e-06 1.09076e-05 1.12535e-05 1.09076e-05 9.93601e-06 8.51527e-06 6.87752e-06 5.24683e-06 3.79117e-06 2.60239e-06 1.70257e-06 1.06516e-06 8.3494e-07 1.48131e-06 2.529e-06 4.13994e-06 6.47362e-06 9.63292e-06 1.35894e-05 1.81108e-05 2.27286e-05 2.67875e-05 2.95885e-05 3.05902e-05 2.95885e-05 2.67875e-05 2.27286e-05 1.81108e-05 1.35894e-05 9.63292e-06 6.47362e-06 4.13994e-06 2.529e-06 1.48131e-06 8.3494e-07 4.54438e-07 2.39607e-07 1.2275e-07 6.12665e-08 2.98661e-08 1.42516e-08 6.67045e-09 3.06792e-09 1.38879e-09 6.19687e-10 2.72909e-10 1.18763e-10 5.11237e-11 2.17896e-11 9.20299e-12 3.85473e-12 1.60229e-12 6.61356e-13 2.71219e-13 1.10564e-13 4.48244e-14 1.808e-14 7.25825e-15 2.90108e-15 1.15482e-15 4.57955e-16 1.80965e-16 7.12745e-17 2.79855e-17 
7.12745e-17 1.80965e-16 4.57955e-16 1.15482e-15 2.90108e-15 7.25825e-15 1.808e-14 4.48244e-14 1.10564e-13 2.71219e-13 6.61356e-13 1.60229e-12 3.85473e-12 9.20299e-12 2.17896e-11 5.11237e-11 1.18763e-10 2.72909e-10 6.19687e-10 1.38879e-09 3.06792e-09 6.67045e-09 1.42516e-08 2.98661e-08 6.12665e-08 1.2275e-07 2.39607e-07 4.54438e-07 8.3494e-07 1.48131e-06 2.529e-06 4.13994e-06 6.47362e-06 9.63292e-06 1.35894e-05 1.81108e-05 2.27286e-05 2.67875e-05 2.95885e-05 3.05902e-05 2.95885e-05 2.67875e-05 2.27286e-05 1.81108e-05 1.35894e-05 9.63292e-06 6.47362e-06 4.13994e-06 2.529e-06 1.85185e-06 3.37377e-06 5.91425e-06 9.93601e-06 1.593e-05 2.42674e-05 3.49743e-05 4.74873e-05 6.05131e-05 7.21353e-05 8.02392e-05 8.31528e-05 8.02392e-05 7.21353e-05 6.05131e-05 4.74873e-05 3.49743e-05 2.42674e-05 1.593e-05 9.93601e-06 5.91425e-06 3.37377e-06 1.85185e-06 9.8176e-07 5.04447e-07 2.52004e-07 1.2275e-07 5.84484e-08 2.72682e-08 1.249e-08 5.62707e-09 2.49758e-09 1.09371e-09 4.73135e-10 2.02424e-10 8.57387e-11 3.59847e-11 1.49774e-11 6.18657e-12 2.53766e-12 1.03428e-12 4.19077e-13 1.6889e-13 6.77246e-14 2.70328e-14 1.07445e-14 4.25371e-15 1.67788e-15 6.59591e-16 2.58472e-16 1.00988e-16 3.93487e-17 
1.00988e-16 2.58472e-16 6.59591e-16 1.67788e-15 4.25371e-15 1.07445e-14 2.70328e-14 6.77246e-14 1.6889e-13 4.19077e-13 1.03428e-12 2.53766e-12 6.18657e-12 1.49774e-11 3.59847e-11 8.57387e-11 2.02424e-10 4.73135e-10 1.09371e-09 2.49758e-09 5.62707e-09 1.249e-08 2.72682e-08 5.84484e-08 1.2275e-07 2.52004e-07 5.04447e-07 9.8176e-07 1.85185e-06 3.37377e-06 5.91425e-06 9.93601e-06 1.593e-05 2.42674e-05 3.49743e-05 4.74873e-05 6.05131e-05 7.21353e-05 8.02392e-05 8.31528e-05 8.02392e-05 7.21353e-05 6.05131e-05 4.74873e-05 3.49743e-05 2.42674e-05 1.593e-05 9.93601e-06 5.91425e-06 4.02005e-06 7.53426e-06 1.35894e-05 2.34846e-05 3.87007e-05 6.05131e-05 8.9326e-05 0.000123867 0.000160616 0.000193976 0.000217517 0.000226033 0.000217517 0.000193976 0.000160616 0.000123867 8.9326e-05 6.05131e-05 3.87007e-05 2.34846e-05 1.35894e-05 7.53426e-06 4.02005e-06 2.07275e-06 1.03656e-06 5.04447e-07 2.39607e-07 1.11376e-07 5.078e-08 2.27561e-08 1.00413e-08 4.36979e-09 1.8781e-09 7.98175e-10 3.35795e-10 1.39981e-10 5.78692e-11 2.37435e-11 9.67498e-12 3.91766e-12 1.57727e-12 6.31677e-13 2.5176e-13 9.98944e-14 3.94743e-14 1.55397e-14 6.09601e-15 2.38364e-15 9.29233e-16 3.61236e-16 1.40063e-16 5.4175e-17 
1.40063e-16 3.61236e-16 9.29233e-16 2.38364e-15 6.09601e-15 1.55397e-14 3.94743e-14 9.98944e-14 2.5176e-13 6.31677e-13 1.57727e-12 3.91766e-12 9.67498e-12 2.37435e-11 5.78692e-11 1.39981e-10 3.35795e-10 7.98175e-10 1.8781e-09 4.36979e-09 1.00413e-08 2.27561e-08 5.078e-08 1.11376e-07 2.39607e-07 5.04447e-07 1.03656e-06 2.07275e-06 4.02005e-06 7.53426e-06 1.35894e-05 2.34846e-05 3.87007e-05 6.05131e-05 8.9326e-05 0.000123867 0.000160616 0.000193976 0.000217517 0.000226033 0.000217517 0.000193976 0.000160616 0.000123867 8.9326e-05 6.05131e-05 3.87007e-05 2.34846e-05 1.35894e-05 8.51527e-06 1.64476e-05 3.05902e-05 5.4515e-05 9.25952e-05 0.000149049 0.000226033 0.000321041 0.000424692 0.000520691 0.000589388 0.000614421 0.000589388 0.000520691 0.000424692 0.000321041 0.000226033 0.000149049 9.25952e-05 5.4515e-05 3.05902e-05 1.64476e-05 8.51527e-06 4.26362e-06 2.07275e-06 9.8176e-07 4.54438e-07 2.06115e-07 9.18157e-08 4.02508e-08 1.73959e-08 7.42334e-09 3.13197e-09 1.30801e-09 5.41287e-10 2.22155e-10 9.04994e-11 3.66183e-11 1.4726e-11 5.88906e-12 2.34311e-12 9.27931e-13 3.65917e-13 1.43729e-13 5.62522e-14 2.19427e-14 8.53305e-15 3.30889e-15 1.27973e-15 4.93728e-16 1.9005e-16 7.30012e-17 
1.9005e-16 4.93728e-16 1.27973e-15 3.30889e-15 8.53305e-15 2.19427e-14 5.62522e-14 1.43729e-13 3.65917e-13 9.27931e-13 2.34311e-12 5.88906e-12 1.4726e-11 3.66183e-11 9.04994e-11 2.22155e-10 5.41287e-10 1.30801e-09 3.13197e-09 7.42334e-09 1.73959e-08 4.02508e-08 9.18157e-08 2.06115e-07 4.54438e-07 9.8176e-07 2.07275e-06 4.26362e-06 8.51527e-06 1.64476e-05 3.05902e-05 5.4515e-05 9.25952e-05 0.000149049 0.000226033 0.000321041 0.000424692 0.000520691 0.000589388 0.000614421 0.000589388 0.000520691 0.000424692 0.000321041 0.000226033 0.000149049 9.25952e-05 5.4515e-05 3.05902e-05 1.75373e-05 3.49743e-05 6.72227e-05 0.000123867 0.000217517 0.000361664 0.000565457 0.000825493 0.00111759 0.00139457 0.0015961 0.00167017 0.0015961 0.00139457 0.00111759 0.000825493 0.000565457 0.000361664 0.000217517 0.000123867 6.72227e-05 3.49743e-05 1.75373e-05 8.51527e-06 4.02005e-06 1.85185e-06 8.3494e-07 3.69426e-07 1.60771e-07 6.89522e-08 2.91933e-08 1.22192e-08 5.06268e-09 2.07859e-09 8.46486e-10 3.42213e-10 1.37441e-10 5.48719e-11 2.17896e-11 8.61044e-12 3.38742e-12 1.32724e-12 5.18105e-13 2.01562e-13 7.81703e-14 3.02292e-14 1.16589e-14 4.48567e-15 1.7219e-15 6.59591e-16 2.5217e-16 9.6232e-17 
